 1 
 1 
 1 
 1 
 1 
 1 
 1 
 1 
 1 
 1 
 1 
 1 
 1 
 1 
 1 
 1 
 1 
 1 
 1 
 1 
 1 
 1 
 1 
 1 
 1 
 1 
 1 
 1 
 1 
 1 
 1 
 1 
 1 
 1 
 1 
 1 
 1 
 1 
 1 
 1 
 1 
 1 
 1 
 1 
 1 
 1 
 1 
 1 
 1 
 1 
 1 
 1 
 1 
 1 
 1 
 1 
 1 
 1 
 1 
 1 
 1 
 1 
 1 
 1 
 1 
 1 
 1 
 1 
 1 
 1 
 1 
 1 
 1 
 1 
 1 
 1 
 1 
 1 
 1 
 1 
 1 
 1 
 1 
 1 
 1 
 1 
 1 
 1 
 1 
 1 
 1 
 1 
 1 
 1 
 1 
 1 
 1 
 1 
 1 
 1 
 1 
 1 
 1 
 1 
 1 
 1 
 1 
 1 
 1 
 1 
 1 
 1 
 1 
 1 
 1 
 1 
 1 
 1 
 1 
 1 
 1 
 1 
 1 
 1 
 1 
 1 
 1 
 1 
 1 
 1 
 1 
 1 
 1 
 1 
 1 
 1 
 1 
 1 
 1 
 1 
 1 
 1 
 1 
 1 
 1 
 1 
 1 
 1 
 1 
 1 
 1 
 1 
 1 
 1 
 1 
 1 
 1 
 1 
 1 
 1 
 1 
 1 
 1 
 1 
 1 
 1 
 1 
 1 
 1 
 1 
 1 
 1 
 1 
 1 
 1 
 1 
 1 
 1 
 1 
 1 
 1 
 1 
 1 
 1 
 1 
 1 
 1 
 1 
 1 
 1 
 1 
 1 
 1 
 1 
 1 
 1 
 1 
 1 
 1 
 1 
 1 
 1 
 1 
 1 
 1 
 1 
 1 
 1 
 1 
 1 
 1 
 1 
 1 
 1 
 1 
 1 
 1 
 1 
 1 
 1 
 1 
 1 
 1 
 1 
 1 
 1 
 1 
 1 
 1 
 1 
 1 
 1 
 1 
 1 
 1 
 1 
 1 
 1 
 1 
 1 
 1 
 1 
 1 
 1 
 1 
 1 
 1 
 1 
 1 
 1 
 1 
 1 
 1 
 1 
 1 
 1 
 1 
 1 
 1 
 1 
 1 
 1 
 1 
 95 
 93 
 102 
 126 
 118 
 93 
 94 
 97 
 95 
 93 
 94 
 96 
 95 
 98 
 94 
 96 
 95 
 94 
 97 
 95 
 95 
 120 
 113 
 95 
 110 
 95 
 102 
 107 
 97 
 94 
 96 
 95 
 97 
 97 
 116 
 105 
 96 
 98 
 97 
 98 
 1 
 99 
 98 
 96 
 101 
 98 
 99 
 124 
 106 
 97 
 96 
 128 
 98 
 115 
 99 
 97 
 101 
 122 
 98 
 121 
 113 
 108 
 99 
 101 
 106 
 106 
 98 
 99 
 122 
 96 
 108 
 99 
 99 
 97 
 97 
 192 
 105 
 106 
 103 
 54 
 68 
 95 
 96 
 55 
 126 
 97 
 98 
 101 
 132 
 102 
 105 
 99 
 101 
 108 
 101 
 103 
 98 
 101 
 98 
 109 
 103 
 99 
 1 
 107 
 101 
 99 
 103 
 99 
 111 
 97 
 101 
 105 
 1 
 121 
 112 
 112 
 105 
 101 
 118 
 102 
 145 
 99 
 101 
 125 
 99 
 101 
 107 
 1 
 128 
 120 
 114 
 102 
 99 
 108 
 103 
 105 
 1 
 104 
 99 
 101 
 107 
 113 
 102 
 109 
 109 
 101 
 104 
 104 
 105 
 112 
 103 
 103 
 108 
 102 
 117 
 101 
 107 
 102 
 111 
 99 
 106 
 101 
 1 
 103 
 102 
 102 
 103 
 102 
 102 
 116 
 101 
 108 
 103 
 103 
 104 
 106 
 106 
 105 
 111 
 102 
 126 
 240 
 1 
 1 
 45 
 42 
 102 
 117 
 57 
 106 
 107 
 99 
 101 
 99 
 103 
 102 
 1 
 101 
 103 
 119 
 102 
 104 
 104 
 103 
 108 
 115 
 106 
 102 
 104 
 105 
 102 
 102 
 106 
 110 
 105 
 107 
 103 
 103 
 103 
 108 
 105 
 107 
 105 
 105 
 104 
 99 
 103 
 106 
 146 
 140 
 138 
 139 
 133 
 141 
 135 
 145 
 157 
 139 
 151 
 151 
 156 
 126 
 126 
 117 
 116 
 120 
 121 
 137 
 121 
 117 
 128 
 118 
 116 
 127 
 127 
 127 
 127 
 127 
 127 
 127 
 135 
 153 
 133 
 121 
 134 
 126 
 130 
 130 
 128 
 126 
 126 
 126 
 126 
 126 
 145 
 141 
 128 
 149 
 124 
 130 
 131 
 129 
 131 
 129 
 125 
 129 
 147 
 134 
 134 
 132 
 145 
 133 
 147 
 131 
 131 
 131 
 147 
 136 
 136 
 141 
 129 
 134 
 132 
 132 
 125 
 127 
 127 
 136 
 132 
 136 
 131 
 131 
 132 
 149 
 149 
 140 
 129 
 163 
 128 
 155 
 142 
 127 
 127 
 127 
 127 
 161 
 161 
 161 
 161 
 161 
 161 
 138 
 138 
 136 
 137 
 140 
 172 
 133 
 167 
 138 
 136 
 140 
 139 
 136 
 136 
 136 
 136 
 141 
 136 
 136 
 136 
 136 
 136 
 136 
 136 
 136 
 142 
 137 
 141 
 141 
 141 
 141 
 141 
 141 
 46 
 46 
 46 
 46 
 141 
 152 
 137 
 140 
 145 
 140 
 140 
 141 
 141 
