 182669        1100000 
 182669        0 
 182669        0 
 182669        0 
 44269         0 
 0             5 
 0             5 
 1             10 
 0             0 
 45            138           10            10 
 100           200 
 5             4076443       0 
 10            5             2 
 10            5             1 
 0             0             50 
 2             300           0 
 3             16            16 
 8             1000 
 0             20            18 
 0             150           150 
 0             0             0 
